{
  "camera_angle_x": 0.9199778490317891,
  "camera_angle_y": 1.1688549496981888,
  "fl_x": 1453.2684132244788,
  "fl_y": 1451.214589721538,
  "k1": 0.0942567346300812,
  "k2": -0.13139700421486492,
  "p1": 0.0012487925766412166,
  "p2": -6.92931435422799e-05,
  "cx": 721.2666634502352,
  "cy": 934.1089590916506,
  "w": 1440.0,
  "h": 1920.0,
  "aabb_scale": 4,
  "frames": [
    {
      "file_path": "./images/frame_00270.jpg",
      "sharpness": 426.0006869155188,
      "transform_matrix": [
        [
          0.7827590649806677,
          0.16518419711171783,
          -0.600002022684925,
          -2.2910561868640165
        ],
        [
          -0.6166674472285995,
          0.07617299095535963,
          -0.7835297920165412,
          -2.8270740291438523
        ],
        [
          -0.08372279096018737,
          0.9833167630444745,
          0.1614888163323871,
          0.5055173974027121
        ],
        [
          0.0,
          0.0,
          0.0,
          1.0
        ]
      ]
    },
    {
      "file_path": "./images/frame_00264.jpg",
      "sharpness": 379.37551093346536,
      "transform_matrix": [
        [
          0.8205437286942595,
          0.1379067393683001,
          -0.5546978642001236,
          -2.171410469412662
        ],
        [
          -0.5652522088926768,
          0.051734856247389986,
          -0.8232942639123749,
          -3.3167219038372107
        ],
        [
          -0.08484061321165269,
          0.9890931381304261,
          0.12040280089781326,
          0.5117984062164098
        ],
        [
          0.0,
          0.0,
          0.0,
          1.0
        ]
      ]
    },
    {
      "file_path": "./images/frame_00258.jpg",
      "sharpness": 561.3517969665514,
      "transform_matrix": [
        [
          0.877728173942492,
          0.14690839797148117,
          -0.4560824215905336,
          -1.8888500517484552
        ],
        [
          -0.4688686520441446,
          0.06712512741648739,
          -0.880713576822587,
          -3.598391768464361
        ],
        [
          -0.09876962998105458,
          0.9868698697830329,
          0.12779835804378373,
          0.46071650365357225
        ],
        [
          0.0,
          0.0,
          0.0,
          1.0
        ]
      ]
    },
    {
      "file_path": "./images/frame_00261.jpg",
      "sharpness": 423.2237080202917,
      "transform_matrix": [
        [
          0.8567003565071963,
          0.12399986672161059,
          -0.5006880587994083,
          -2.0385390124446507
        ],
        [
          -0.5087222778919881,
          0.04270562306009937,
          -0.8598708471249874,
          -3.491935667477842
        ],
        [
          -0.08524167493151638,
          0.991362831067874,
          0.09966741715736978,
          0.47031390862736877
        ],
        [
          0.0,
          0.0,
          0.0,
          1.0
        ]
      ]
    },
    {
      "file_path": "./images/frame_00273.jpg",
      "sharpness": 227.26387037507965,
      "transform_matrix": [
        [
          0.797738220499984,
          0.1439511934287517,
          -0.5855696247883855,
          -2.275541518948812
        ],
        [
          -0.5988415893343867,
          0.0752223847630872,
          -0.7973269992380966,
          -2.6100432722165365
        ],
        [
          -0.07072822947188084,
          0.9867216663030087,
          0.14621173282212568,
          0.5101167867399513
        ],
        [
          0.0,
          0.0,
          0.0,
          1.0
        ]
      ]
    },
    {
      "file_path": "./images/frame_00255.jpg",
      "sharpness": 447.8136973047601,
      "transform_matrix": [
        [
          0.9131958686431368,
          0.09928365304511465,
          -0.3952417763116371,
          -1.7014427321157732
        ],
        [
          -0.4030586128446425,
          0.07691090600925612,
          -0.9119366574212245,
          -3.742266106910266
        ],
        [
          -0.060141999585694654,
          0.9920823901197146,
          0.11025185309576598,
          0.4533280974238723
        ],
        [
          0.0,
          0.0,
          0.0,
          1.0
        ]
      ]
    },
    {
      "file_path": "./images/frame_00249.jpg",
      "sharpness": 533.8229804405769,
      "transform_matrix": [
        [
          0.9379859070312303,
          0.07509811408041998,
          -0.3384415924250706,
          -1.2348891661023589
        ],
        [
          -0.34349547502377376,
          0.069444751959638,
          -0.9365833038568773,
          -4.003567983582672
        ],
        [
          -0.04683264736007648,
          0.994755095336352,
          0.09093406102486334,
          0.4210060772512845
        ],
        [
          0.0,
          0.0,
          0.0,
          1.0
        ]
      ]
    },
    {
      "file_path": "./images/frame_00246.jpg",
      "sharpness": 578.9300515466338,
      "transform_matrix": [
        [
          0.94242596736472,
          0.09228887975348458,
          -0.3214281548361507,
          -1.068484559760594
        ],
        [
          -0.328365144067684,
          0.07338019171720518,
          -0.9416961716100168,
          -4.058622816426195
        ],
        [
          -0.06332162512084943,
          0.9930247278634063,
          0.0994598494605939,
          0.41958557778240874
        ],
        [
          0.0,
          0.0,
          0.0,
          1.0
        ]
      ]
    },
    {
      "file_path": "./images/frame_00240.jpg",
      "sharpness": 649.8087774819576,
      "transform_matrix": [
        [
          0.9803344112911458,
          0.05137917593165694,
          -0.19053771891643942,
          -0.6821884258136178
        ],
        [
          -0.19439505012097932,
          0.08514545519054967,
          -0.977220965774304,
          -4.2282755889892965
        ],
        [
          -0.03398538711651245,
          0.995042929602416,
          0.09345887716875324,
          0.4170535270737741
        ],
        [
          0.0,
          0.0,
          0.0,
          1.0
        ]
      ]
    },
    {
      "file_path": "./images/frame_00252.jpg",
      "sharpness": 344.5299956597174,
      "transform_matrix": [
        [
          0.9237208751089987,
          0.08885184122245934,
          -0.37261923623197213,
          -1.48147194066847
        ],
        [
          -0.3798950424547879,
          0.08757725992528106,
          -0.9208745735778908,
          -3.8962786471673794
        ],
        [
          -0.049188429692695594,
          0.9921872675388113,
          0.11465131717122115,
          0.4399983118712186
        ],
        [
          0.0,
          0.0,
          0.0,
          1.0
        ]
      ]
    },
    {
      "file_path": "./images/frame_00243.jpg",
      "sharpness": 357.0928615521041,
      "transform_matrix": [
        [
          0.9631854032031082,
          0.06784302591046697,
          -0.260136892621234,
          -0.8943561085431087
        ],
        [
          -0.2649288057410788,
          0.07511685716491188,
          -0.9613377063541614,
          -4.126031480265499
        ],
        [
          -0.045679393114541014,
          0.9948642026004229,
          0.090325032188057,
          0.4145759851116238
        ],
        [
          0.0,
          0.0,
          0.0,
          1.0
        ]
      ]
    },
    {
      "file_path": "./images/frame_00234.jpg",
      "sharpness": 559.0760821608033,
      "transform_matrix": [
        [
          0.9939531262571882,
          0.03134264865588584,
          -0.10523697634220258,
          -0.24626840299433925
        ],
        [
          -0.10703548481232335,
          0.06265629216251571,
          -0.9922789900241986,
          -4.214125118230549
        ],
        [
          -0.02450689301694895,
          0.9975428950368485,
          0.06563219306880136,
          0.37938235458233677
        ],
        [
          0.0,
          0.0,
          0.0,
          1.0
        ]
      ]
    },
    {
      "file_path": "./images/frame_00237.jpg",
      "sharpness": 385.28511721222367,
      "transform_matrix": [
        [
          0.9848106265237959,
          0.04973627574569415,
          -0.1663560421854601,
          -0.45364142755913117
        ],
        [
          -0.16954741810671592,
          0.06887059499700492,
          -0.9831126660551741,
          -4.241823667377953
        ],
        [
          -0.037439323041345195,
          0.9963850380402725,
          0.07625715094699316,
          0.38292439383302407
        ],
        [
          0.0,
          0.0,
          0.0,
          1.0
        ]
      ]
    },
    {
      "file_path": "./images/frame_00231.jpg",
      "sharpness": 529.6633981632101,
      "transform_matrix": [
        [
          0.9959627304977591,
          0.06253754444103517,
          -0.06439949538301758,
          -0.05083206613313657
        ],
        [
          -0.06799722718264514,
          0.05721354292402785,
          -0.9960436675174235,
          -4.208294171956975
        ],
        [
          -0.05860560182920057,
          0.996401357913662,
          0.061234936048867386,
          0.3648425856349125
        ],
        [
          0.0,
          0.0,
          0.0,
          1.0
        ]
      ]
    },
    {
      "file_path": "./images/frame_00075.jpg",
      "sharpness": 221.86824761491886,
      "transform_matrix": [
        [
          -0.32058028292724544,
          -0.06793138047270242,
          0.9447823081304041,
          4.162337507375332
        ],
        [
          0.9451159428576885,
          -0.08940523193396947,
          0.31426510951593617,
          0.735091141419933
        ],
        [
          0.06312001866168726,
          0.9936760196667108,
          0.09286458525365043,
          0.3073518063045733
        ],
        [
          0.0,
          0.0,
          0.0,
          1.0
        ]
      ]
    },
    {
      "file_path": "./images/frame_00078.jpg",
      "sharpness": 278.13146008803136,
      "transform_matrix": [
        [
          -0.3538619609398658,
          -0.06754454011259314,
          0.9328555342128946,
          4.0767491203946795
        ],
        [
          0.9338249496242392,
          -0.08146365696225363,
          0.34833121601951095,
          0.8492453852565538
        ],
        [
          0.0524659514415609,
          0.994384939400281,
          0.0919016661660303,
          0.31534187425004345
        ],
        [
          0.0,
          0.0,
          0.0,
          1.0
        ]
      ]
    },
    {
      "file_path": "./images/frame_00087.jpg",
      "sharpness": 231.8960076660637,
      "transform_matrix": [
        [
          -0.4288173179211956,
          -0.062329510555992784,
          0.9012384479013178,
          3.824145248862486
        ],
        [
          0.9014012355195493,
          -0.0957011522595154,
          0.42227609695558055,
          1.201249106609341
        ],
        [
          0.059929295481997095,
          0.9934567537546918,
          0.09722220925839402,
          0.35469531230194545
        ],
        [
          0.0,
          0.0,
          0.0,
          1.0
        ]
      ]
    },
    {
      "file_path": "./images/frame_00084.jpg",
      "sharpness": 291.8676812644489,
      "transform_matrix": [
        [
          -0.4268724105557005,
          -0.07757308632559819,
          0.9009785576777843,
          3.9193430791804422
        ],
        [
          0.9021454538840561,
          -0.10545263116970123,
          0.4183459365354525,
          1.1408268924939025
        ],
        [
          0.06255817408577692,
          0.9913940482310978,
          0.11499702603924541,
          0.3527428355996649
        ],
        [
          0.0,
          0.0,
          0.0,
          1.0
        ]
      ]
    },
    {
      "file_path": "./images/frame_00090.jpg",
      "sharpness": 179.02928311149688,
      "transform_matrix": [
        [
          -0.47828444836018896,
          -0.05369523331768984,
          0.8765619250153421,
          3.6409801713370036
        ],
        [
          0.8746266309367707,
          -0.11913650619893294,
          0.4699305792847632,
          1.2666776669751523
        ],
        [
          0.07919749311552643,
          0.9914248911644162,
          0.10394441916093178,
          0.36303058736538735
        ],
        [
          0.0,
          0.0,
          0.0,
          1.0
        ]
      ]
    },
    {
      "file_path": "./images/frame_00093.jpg",
      "sharpness": 276.81289201884323,
      "transform_matrix": [
        [
          -0.4759522587545349,
          -0.057628086644550505,
          0.8775810224856724,
          3.517476117999005
        ],
        [
          0.876955413777863,
          -0.10651836504238092,
          0.46861822430887473,
          1.3380928073765352
        ],
        [
          0.06647292407370753,
          0.9926393310508713,
          0.10123491900935962,
          0.3742090979093638
        ],
        [
          0.0,
          0.0,
          0.0,
          1.0
        ]
      ]
    },
    {
      "file_path": "./images/frame_00096.jpg",
      "sharpness": 250.06197190590638,
      "transform_matrix": [
        [
          -0.5320639607559183,
          -0.04679108059615242,
          0.8454102769970464,
          3.3970084456513105
        ],
        [
          0.8434774912170876,
          -0.11637718181073912,
          0.5244064009562868,
          1.454727872160263
        ],
        [
          0.07384892333846878,
          0.9921022862291702,
          0.10138732756841266,
          0.3798315305363223
        ],
        [
          0.0,
          0.0,
          0.0,
          1.0
        ]
      ]
    },
    {
      "file_path": "./images/frame_00099.jpg",
      "sharpness": 221.3495756399647,
      "transform_matrix": [
        [
          -0.5669825758945886,
          -0.056225442595244694,
          0.8218086506284537,
          3.2549461577796053
        ],
        [
          0.8187803953447238,
          -0.14767018719240635,
          0.554790212615278,
          1.6227763300077758
        ],
        [
          0.09016331202283875,
          0.9874371956889961,
          0.12976271323375313,
          0.39909980365511594
        ],
        [
          0.0,
          0.0,
          0.0,
          1.0
        ]
      ]
    },
    {
      "file_path": "./images/frame_00102.jpg",
      "sharpness": 170.82123046653922,
      "transform_matrix": [
        [
          -0.5572928338194303,
          -0.07627521434560626,
          0.8268051699529307,
          3.1178318623267853
        ],
        [
          0.8280538839113312,
          -0.12450924939148975,
          0.5466481612109708,
          1.7073832740063712
        ],
        [
          0.06124918543584422,
          0.9892823350809352,
          0.132548099915162,
          0.40092056746454124
        ],
        [
          0.0,
          0.0,
          0.0,
          1.0
        ]
      ]
    },
    {
      "file_path": "./images/frame_00108.jpg",
      "sharpness": 193.08119365423573,
      "transform_matrix": [
        [
          -0.5151350521505222,
          -0.06662790972210994,
          0.854515418060315,
          2.762252204819591
        ],
        [
          0.8556125222385798,
          -0.0988628210571521,
          0.5080879396336476,
          1.7765429750824326
        ],
        [
          0.050626967493470926,
          0.9928679994185712,
          0.10793537836984265,
          0.42026589921132657
        ],
        [
          0.0,
          0.0,
          0.0,
          1.0
        ]
      ]
    },
    {
      "file_path": "./images/frame_00105.jpg",
      "sharpness": 256.76945042204653,
      "transform_matrix": [
        [
          -0.5577409398283554,
          -0.0626249386711734,
          0.8276491775545168,
          2.9283961323742114
        ],
        [
          0.8265429128590922,
          -0.13301830078180418,
          0.5469304753435635,
          1.738435520682284
        ],
        [
          0.07584099976597324,
          0.9891330793802307,
          0.125951951319308,
          0.4070939568459119
        ],
        [
          0.0,
          0.0,
          0.0,
          1.0
        ]
      ]
    },
    {
      "file_path": "./images/frame_00114.jpg",
      "sharpness": 216.55335313330625,
      "transform_matrix": [
        [
          -0.522023659992364,
          -0.06319266708775573,
          0.8505868475619445,
          2.452068251234771
        ],
        [
          0.8507297717634587,
          -0.11017670397731606,
          0.5139260154302331,
          1.9046266751399645
        ],
        [
          0.061238499710011295,
          0.9919010942315554,
          0.11127472950482444,
          0.45442884227159414
        ],
        [
          0.0,
          0.0,
          0.0,
          1.0
        ]
      ]
    },
    {
      "file_path": "./images/frame_00111.jpg",
      "sharpness": 194.1770019231097,
      "transform_matrix": [
        [
          -0.5166538777480238,
          -0.056453784989894326,
          0.8543311657542986,
          2.5830099166680554
        ],
        [
          0.8537161104418938,
          -0.10983210857322137,
          0.5090242731916936,
          1.8436489702674501
        ],
        [
          0.06509664648121183,
          0.9923456444694068,
          0.10494069053689233,
          0.43357387722656204
        ],
        [
          0.0,
          0.0,
          0.0,
          1.0
        ]
      ]
    },
    {
      "file_path": "./images/frame_00126.jpg",
      "sharpness": 169.5420245018707,
      "transform_matrix": [
        [
          -0.3584101119009399,
          -0.06278374171635522,
          0.93145069299137,
          2.7475554645160423
        ],
        [
          0.9315870902536119,
          -0.08895317317143213,
          0.35246677326458686,
          1.7885575339916202
        ],
        [
          0.060726311938070876,
          0.9940550964456647,
          0.09037024001109031,
          0.4179319524650431
        ],
        [
          0.0,
          0.0,
          0.0,
          1.0
        ]
      ]
    },
    {
      "file_path": "./images/frame_00123.jpg",
      "sharpness": 216.0074911583792,
      "transform_matrix": [
        [
          -0.36538512309913057,
          -0.07362406600535892,
          0.9279403045096845,
          2.6507045478396094
        ],
        [
          0.9294576092051667,
          -0.08348580580383697,
          0.3593586967361541,
          1.836357386625204
        ],
        [
          0.05101239565174648,
          0.9937854985583685,
          0.09893491979996938,
          0.42552726597633056
        ],
        [
          0.0,
          0.0,
          0.0,
          1.0
        ]
      ]
    },
    {
      "file_path": "./images/frame_00291.jpg",
      "sharpness": 285.13164375145624,
      "transform_matrix": [
        [
          0.8013574424889545,
          0.10944811038557345,
          -0.5880878850235252,
          -2.3960459476622096
        ],
        [
          -0.5977292214059101,
          0.10810578854283516,
          -0.7943758029805689,
          -1.4717188980638254
        ],
        [
          -0.02336722602928952,
          0.9880962754849786,
          0.15205171203005502,
          0.6110849635904791
        ],
        [
          0.0,
          0.0,
          0.0,
          1.0
        ]
      ]
    },
    {
      "file_path": "./images/frame_00012.jpg",
      "sharpness": 228.29951059595612,
      "transform_matrix": [
        [
          0.32733891180961433,
          -0.11594025531922957,
          0.9377670787688505,
          5.062061584670929
        ],
        [
          0.9442215885015236,
          0.002341395899613186,
          -0.3293024592573043,
          -1.9986094214197292
        ],
        [
          0.03598372721052043,
          0.9932534294290731,
          0.11023972203469004,
          0.16417548980853244
        ],
        [
          0.0,
          0.0,
          0.0,
          1.0
        ]
      ]
    },
    {
      "file_path": "./images/frame_00129.jpg",
      "sharpness": 187.29665904972322,
      "transform_matrix": [
        [
          -0.35694157179430064,
          -0.06909372141209706,
          0.931567910566533,
          2.8419078162593507
        ],
        [
          0.9310991252384845,
          -0.10654234647378984,
          0.348859781843645,
          1.714320978199632
        ],
        [
          0.07514741051285422,
          0.9919046254958293,
          0.10236249617928261,
          0.40693190997683315
        ],
        [
          0.0,
          0.0,
          0.0,
          1.0
        ]
      ]
    },
    {
      "file_path": "./images/frame_00294.jpg",
      "sharpness": 306.861960358645,
      "transform_matrix": [
        [
          0.7202722957550062,
          0.08550463375978731,
          -0.6884016106781503,
          -2.4040586928201972
        ],
        [
          -0.6936838539438506,
          0.08413766603270742,
          -0.7153485611449729,
          -1.3534430067769436
        ],
        [
          -0.0032451119156756943,
          0.9927788327573034,
          0.1199152137493929,
          0.6338290293833242
        ],
        [
          0.0,
          0.0,
          0.0,
          1.0
        ]
      ]
    },
    {
      "file_path": "./images/frame_00042.jpg",
      "sharpness": 223.6291427868344,
      "transform_matrix": [
        [
          0.025481630478914948,
          -0.0566759208466022,
          0.9980673957780505,
          4.861782836953287
        ],
        [
          0.9993308173533664,
          -0.024763401926084137,
          -0.026920093107331417,
          -0.8117186327099783
        ],
        [
          0.02624126513710623,
          0.9980854742616441,
          0.05600698244660833,
          0.2041901056524691
        ],
        [
          0.0,
          0.0,
          0.0,
          1.0
        ]
      ]
    },
    {
      "file_path": "./images/frame_00303.jpg",
      "sharpness": 263.49333674184976,
      "transform_matrix": [
        [
          0.5128364635868607,
          0.06115944836280326,
          -0.8563050177959564,
          -2.4185088481281114
        ],
        [
          -0.8581915940829562,
          0.010387887802917953,
          -0.5132243950090015,
          -0.8299312809147154
        ],
        [
          -0.02249332043514391,
          0.9980739520064693,
          0.057813812128693985,
          0.622201137170691
        ],
        [
          0.0,
          0.0,
          0.0,
          1.0
        ]
      ]
    },
    {
      "file_path": "./images/frame_00048.jpg",
      "sharpness": 183.7384110330902,
      "transform_matrix": [
        [
          -0.099364375377017,
          -0.06617218700294267,
          0.9928484086626904,
          4.843040823786628
        ],
        [
          0.9932351895593262,
          -0.06684906704989471,
          0.09494767219692787,
          -0.5248498946925032
        ],
        [
          0.06008809472096425,
          0.9955663935231126,
          0.07236696049337205,
          0.23388478247547426
        ],
        [
          0.0,
          0.0,
          0.0,
          1.0
        ]
      ]
    },
    {
      "file_path": "./images/frame_00069.jpg",
      "sharpness": 222.62879916760906,
      "transform_matrix": [
        [
          -0.2131908417417445,
          -0.05456357584475321,
          0.9754857667845975,
          4.414821080830922
        ],
        [
          0.9745208884440884,
          -0.083109051606779,
          0.20833128312179663,
          0.4587801823449055
        ],
        [
          0.0697043971659286,
          0.9950455777213625,
          0.07089143307732255,
          0.2808525197190945
        ],
        [
          0.0,
          0.0,
          0.0,
          1.0
        ]
      ]
    },
    {
      "file_path": "./images/frame_00309.jpg",
      "sharpness": 205.94232312620798,
      "transform_matrix": [
        [
          0.5459465352629428,
          0.17834379378380252,
          -0.8186182699305227,
          -2.4214106083396887
        ],
        [
          -0.8302604205787038,
          -0.01579460233746019,
          -0.5571518325891807,
          -0.5166423812442396
        ],
        [
          -0.1122943215772848,
          0.9838414617033897,
          0.1394487848125493,
          0.6367530967580188
        ],
        [
          0.0,
          0.0,
          0.0,
          1.0
        ]
      ]
    },
    {
      "file_path": "./images/frame_00066.jpg",
      "sharpness": 181.42761067707502,
      "transform_matrix": [
        [
          -0.22777280614920015,
          -0.047064782004437825,
          0.9725761950020408,
          4.4730450002852296
        ],
        [
          0.9698555530969155,
          -0.09980083179361532,
          0.22230609550884212,
          0.29696761425414814
        ],
        [
          0.08660112532049169,
          0.9938937067307189,
          0.06837795569595587,
          0.285550233689789
        ],
        [
          0.0,
          0.0,
          0.0,
          1.0
        ]
      ]
    },
    {
      "file_path": "./images/frame_00072.jpg",
      "sharpness": 220.9733450593542,
      "transform_matrix": [
        [
          -0.2872983309014457,
          -0.05251047718348802,
          0.9564007104023187,
          4.285048006092225
        ],
        [
          0.9530498092945517,
          -0.11541829386491693,
          0.2799547792857587,
          0.6067433441732116
        ],
        [
          0.09568557919573688,
          0.991928055474785,
          0.08320458344857234,
          0.2924236078147671
        ],
        [
          0.0,
          0.0,
          0.0,
          1.0
        ]
      ]
    },
    {
      "file_path": "./images/frame_00312.jpg",
      "sharpness": 241.6115181021353,
      "transform_matrix": [
        [
          0.5656949536363265,
          0.12319140293583102,
          -0.8153607162992033,
          -2.4310511472555554
        ],
        [
          -0.8212534616440887,
          -0.005017923455748614,
          -0.5705414727973783,
          -0.30646206943867016
        ],
        [
          -0.07437722213019807,
          0.9923702427510389,
          0.09833275212919267,
          0.6488219993359025
        ],
        [
          0.0,
          0.0,
          0.0,
          1.0
        ]
      ]
    },
    {
      "file_path": "./images/frame_00063.jpg",
      "sharpness": 243.41595529975206,
      "transform_matrix": [
        [
          -0.20419155799999258,
          -0.04090678796898989,
          0.9780758878279587,
          4.51899372954213
        ],
        [
          0.9765743636010281,
          -0.07779713765889698,
          0.20062431988504656,
          0.0477409056647024
        ],
        [
          0.06788460797123917,
          0.9961296301591158,
          0.05583403917428853,
          0.27399736771876815
        ],
        [
          0.0,
          0.0,
          0.0,
          1.0
        ]
      ]
    },
    {
      "file_path": "./images/frame_00081.jpg",
      "sharpness": 205.0567806764198,
      "transform_matrix": [
        [
          -0.41301854208002253,
          -0.06572405270159083,
          0.9083479690104587,
          3.9911207688130275
        ],
        [
          0.9078935614949187,
          -0.10826821555422532,
          0.40497811607145345,
          1.0148239799620997
        ],
        [
          0.07172841066339593,
          0.9919467437357271,
          0.1043872248249388,
          0.3433681816824002
        ],
        [
          0.0,
          0.0,
          0.0,
          1.0
        ]
      ]
    },
    {
      "file_path": "./images/frame_00315.jpg",
      "sharpness": 163.65364689881,
      "transform_matrix": [
        [
          0.5400641725991446,
          0.14368472176954594,
          -0.8292679845596735,
          -2.4304513436514013
        ],
        [
          -0.8351952621502614,
          -0.030054025014089887,
          -0.5491317052057874,
          -0.09621583375487956
        ],
        [
          -0.10382467702867026,
          0.989167051777057,
          0.10377369671279493,
          0.6486813283000065
        ],
        [
          0.0,
          0.0,
          0.0,
          1.0
        ]
      ]
    },
    {
      "file_path": "./images/frame_00054.jpg",
      "sharpness": 189.00379127027247,
      "transform_matrix": [
        [
          -0.09548419083209389,
          -0.062161232756943297,
          0.9934881732834725,
          4.781105105737951
        ],
        [
          0.9945702745231211,
          -0.04745156363579959,
          0.09261921044539884,
          -0.3506217580860478
        ],
        [
          0.04138524297771424,
          0.9969374756029038,
          0.06635458848525062,
          0.23158624029319014
        ],
        [
          0.0,
          0.0,
          0.0,
          1.0
        ]
      ]
    },
    {
      "file_path": "./images/frame_00300.jpg",
      "sharpness": 199.36740849139358,
      "transform_matrix": [
        [
          0.5405984431940635,
          0.1378342787033033,
          -0.829912666996563,
          -2.421797837030706
        ],
        [
          -0.8374494041337683,
          -0.005873496335143184,
          -0.5464833003457694,
          -0.9385880482559714
        ],
        [
          -0.08019862053465304,
          0.9904378898578158,
          0.11225403159440481,
          0.607860850912476
        ],
        [
          0.0,
          0.0,
          0.0,
          1.0
        ]
      ]
    },
    {
      "file_path": "./images/frame_00009.jpg",
      "sharpness": 300.19451519847416,
      "transform_matrix": [
        [
          0.3379304717598203,
          -0.10857089233528495,
          0.9348878850453455,
          5.039549184842656
        ],
        [
          0.9405637214040429,
          0.0032777093790126006,
          -0.3396014466986452,
          -2.063326244426929
        ],
        [
          0.03380654131728725,
          0.9940833053469958,
          0.10322548040777456,
          0.16824783719178366
        ],
        [
          0.0,
          0.0,
          0.0,
          1.0
        ]
      ]
    },
    {
      "file_path": "./images/frame_00117.jpg",
      "sharpness": 246.91193175087324,
      "transform_matrix": [
        [
          -0.5143903424736395,
          -0.0770128851094628,
          0.8540910906383596,
          2.485187983001935
        ],
        [
          0.8559497071860804,
          -0.107041867640828,
          0.505857823246843,
          1.8730355124290596
        ],
        [
          0.05246593505388964,
          0.9912673978850574,
          0.12098045941378342,
          0.4457786362065531
        ],
        [
          0.0,
          0.0,
          0.0,
          1.0
        ]
      ]
    },
    {
      "file_path": "./images/frame_00297.jpg",
      "sharpness": 183.4873204643028,
      "transform_matrix": [
        [
          0.6460821065504277,
          0.12125558079352387,
          -0.7535748109727661,
          -2.404352859461077
        ],
        [
          -0.7626906678486086,
          0.06417077312113113,
          -0.6435721071128604,
          -1.1369865062053244
        ],
        [
          -0.029679231405749174,
          0.9905448985352829,
          0.13394008817285372,
          0.6135714611928939
        ],
        [
          0.0,
          0.0,
          0.0,
          1.0
        ]
      ]
    },
    {
      "file_path": "./images/frame_00006.jpg",
      "sharpness": 278.43505060386906,
      "transform_matrix": [
        [
          0.33943474061898793,
          -0.11139706425136979,
          0.9340100379267615,
          5.023104188919218
        ],
        [
          0.939693005707082,
          -0.004141791983693207,
          -0.34199400664976787,
          -2.0975041996924246
        ],
        [
          0.04196560362012162,
          0.9937673468403968,
          0.1032731740456319,
          0.16635681949871256
        ],
        [
          0.0,
          0.0,
          0.0,
          1.0
        ]
      ]
    },
    {
      "file_path": "./images/frame_00282.jpg",
      "sharpness": 330.7474641741148,
      "transform_matrix": [
        [
          0.7563159910558214,
          0.1544550943613941,
          -0.6357119988720654,
          -2.380429326152885
        ],
        [
          -0.6514236797204574,
          0.08827034928044297,
          -0.7535618985440906,
          -1.937189489087737
        ],
        [
          -0.060276953964573075,
          0.984048763666969,
          0.16737598261735162,
          0.5590664309513788
        ],
        [
          0.0,
          0.0,
          0.0,
          1.0
        ]
      ]
    },
    {
      "file_path": "./images/frame_00003.jpg",
      "sharpness": 281.89990939539337,
      "transform_matrix": [
        [
          0.33374437143384433,
          -0.10834764144773348,
          0.9364162979891986,
          5.011651077668642
        ],
        [
          0.9416945452384744,
          -0.006710972611015191,
          -0.3364020605090356,
          -2.1089829275079937
        ],
        [
          0.042732633962625464,
          0.9940904141224725,
          0.09979063360501161,
          0.1671214564048928
        ],
        [
          0.0,
          0.0,
          0.0,
          1.0
        ]
      ]
    },
    {
      "file_path": "./images/frame_00288.jpg",
      "sharpness": 263.4248737700126,
      "transform_matrix": [
        [
          0.7953206363585062,
          0.10499446279853338,
          -0.5970270079106983,
          -2.40552261781814
        ],
        [
          -0.605224862452142,
          0.08200854730055013,
          -0.7918190854225768,
          -1.6124365204454718
        ],
        [
          -0.034175301889619085,
          0.9910856476420613,
          0.12876834933138923,
          0.5913280288417881
        ],
        [
          0.0,
          0.0,
          0.0,
          1.0
        ]
      ]
    },
    {
      "file_path": "./images/frame_00027.jpg",
      "sharpness": 233.3718401521388,
      "transform_matrix": [
        [
          0.14542170987954967,
          -0.10443735330527455,
          0.9838421446254226,
          4.966944382897414
        ],
        [
          0.9873194899743273,
          -0.04866690005437049,
          -0.15110181188834182,
          -1.4525336685699624
        ],
        [
          0.06366122063501285,
          0.9933400082975214,
          0.09603581057918859,
          0.18751040964948096
        ],
        [
          0.0,
          0.0,
          0.0,
          1.0
        ]
      ]
    },
    {
      "file_path": "./images/frame_00285.jpg",
      "sharpness": 177.57496318717708,
      "transform_matrix": [
        [
          0.7762490095279156,
          0.12165230559200116,
          -0.618577555171487,
          -2.4142686352629794
        ],
        [
          -0.6292341043872557,
          0.08918994802071728,
          -0.7720813396579645,
          -1.80521785934011
        ],
        [
          -0.0387545750814251,
          0.9885574691068705,
          0.14578138836675572,
          0.5638336992451588
        ],
        [
          0.0,
          0.0,
          0.0,
          1.0
        ]
      ]
    },
    {
      "file_path": "./images/frame_00036.jpg",
      "sharpness": 151.72078013156826,
      "transform_matrix": [
        [
          0.17746003895009846,
          -0.19431579480468336,
          0.9647534951872978,
          4.953135121775474
        ],
        [
          0.983814969573108,
          0.010304346875967148,
          -0.17889082167437198,
          -1.0434511626884964
        ],
        [
          0.02482015753270686,
          0.9808849026953903,
          0.19299939755130838,
          0.13061943672795062
        ],
        [
          0.0,
          0.0,
          0.0,
          1.0
        ]
      ]
    },
    {
      "file_path": "./images/frame_00279.jpg",
      "sharpness": 236.35044487793635,
      "transform_matrix": [
        [
          0.7797507728704707,
          0.1452917840471123,
          -0.6089983823518454,
          -2.322489476426133
        ],
        [
          -0.6211190309474669,
          0.05718355690806299,
          -0.7816272706438979,
          -2.1550676564088485
        ],
        [
          -0.07873932695759205,
          0.9877349534761697,
          0.1348324148065158,
          0.5552788562319181
        ],
        [
          0.0,
          0.0,
          0.0,
          1.0
        ]
      ]
    },
    {
      "file_path": "./images/frame_00015.jpg",
      "sharpness": 223.13201960923448,
      "transform_matrix": [
        [
          0.29023380524442755,
          -0.12399024165241546,
          0.9488892233971093,
          5.07948218787859
        ],
        [
          0.9566505218748901,
          0.012550097329384093,
          -0.29096782305528435,
          -1.9318541071482955
        ],
        [
          0.024168518585264545,
          0.9922040692533263,
          0.12225779188827203,
          0.15539533068107278
        ],
        [
          0.0,
          0.0,
          0.0,
          1.0
        ]
      ]
    },
    {
      "file_path": "./images/frame_00276.jpg",
      "sharpness": 296.21152906349715,
      "transform_matrix": [
        [
          0.7977918090180706,
          0.16796543103180667,
          -0.5790646280449421,
          -2.2620757970484733
        ],
        [
          -0.595984814124095,
          0.07430296059977967,
          -0.7995506058903229,
          -2.3785850525532064
        ],
        [
          -0.09127064590776086,
          0.982988648985939,
          0.15938313954506161,
          0.5288965629578354
        ],
        [
          0.0,
          0.0,
          0.0,
          1.0
        ]
      ]
    },
    {
      "file_path": "./images/frame_00033.jpg",
      "sharpness": 177.4951702815856,
      "transform_matrix": [
        [
          0.09119887231456394,
          -0.19969503770731006,
          0.9756047650634359,
          4.993175573401156
        ],
        [
          0.9937784796847814,
          -0.04464347958396731,
          -0.10203574396283116,
          -1.1687106968796477
        ],
        [
          0.06393042314928174,
          0.9788405649831573,
          0.19438119597910958,
          0.16400160359083912
        ],
        [
          0.0,
          0.0,
          0.0,
          1.0
        ]
      ]
    },
    {
      "file_path": "./images/frame_00267.jpg",
      "sharpness": 379.0017577849201,
      "transform_matrix": [
        [
          0.8014989229761158,
          0.14264660001583693,
          -0.5807335223516048,
          -2.2496511262625174
        ],
        [
          -0.5902708076375905,
          0.0331245973689666,
          -0.8065253465948965,
          -3.029880278981946
        ],
        [
          -0.09581153441179774,
          0.9892192419094527,
          0.11074945291334871,
          0.5079847303900754
        ],
        [
          0.0,
          0.0,
          0.0,
          1.0
        ]
      ]
    },
    {
      "file_path": "./images/frame_00045.jpg",
      "sharpness": 235.10453979230766,
      "transform_matrix": [
        [
          -0.059969949706532445,
          -0.07705711984707836,
          0.9952214856120836,
          4.827913349740509
        ],
        [
          0.9974782600003735,
          -0.04253796015232701,
          0.056812347009378365,
          -0.6708902722174236
        ],
        [
          0.037956896065411035,
